image: /home/medo/map_2.pgm
resolution: 0.050000
origin: [0.452374, -2.101984, 0.000000]
negate: 0
occupied_thresh: 0.65
free_thresh: 0.196

